model1 = [0.7560975609756098,0.9850746268656716,0.7415730337078652,0.9850746268656716,0.9705882352941176,0.8533333333333334,0.7586206896551724,0.9393939393939394,0.88,] 
model2 = [0.84375,1.0,0.8666666666666667,0.9850746268656716,1.0,0.9230769230769231,0.9705882352941176,0.9538461538461539,0.9850746268656716,] 
model3 = [0.9295774647887324,1.0,1.0,1.0,1.0,1.0,0.9295774647887324,0.96875,0.9850746268656716,] 
