model1 = [0.7415730337078652,1.0,0.7126436781609196,1.0,0.9850746268656716,0.927536231884058,0.7126436781609196,0.9538461538461539,0.8918918918918919,] 
model2 = [0.8181818181818182,0.9846153846153847,0.8333333333333334,1.0,0.9850746268656716,0.9354838709677419,0.9428571428571428,0.9696969696969697,0.9705882352941176,] 
model3 = [0.88,1.0,0.96875,0.9846153846153847,1.0,0.9846153846153847,0.8354430379746836,0.9846153846153847,1.0,] 
