model1 = [0.88,0.9565217391304348,0.8461538461538461,1.0,1.0,0.8571428571428571,0.8571428571428571,0.9696969696969697,0.9705882352941176,] 
model2 = [0.9552238805970149,1.0,0.8571428571428571,1.0,1.0,0.8823529411764706,1.0,0.9696969696969697,1.0,] 
model3 = [0.9850746268656716,0.9850746268656716,1.0,1.0,0.9846153846153847,1.0,1.0,0.9538461538461539,1.0,] 
