model1 = [0.6813186813186813,0.5688073394495413,0.6526315789473685,0.5909090909090909,0.5517241379310345,0.6590909090909091,0.9565217391304348,0.5365853658536586,0.9538461538461539,] 
model2 = [0.9850746268656716,1.0,0.88,0.8354430379746836,0.9850746268656716,1.0,0.9850746268656716,0.9850746268656716,0.9850746268656716,] 
model3 = [0.5789473684210527,0.4025974025974026,0.4915254237288136,0.56,0.4025974025974026,0.616822429906542,0.9850746268656716,0.3275862068965517,0.868421052631579,] 
