model4 = [0.6595744680851063,0.528,0.6666666666666666,0.5309734513274337,0.5238095238095238,0.6391752577319587,0.9850746268656716,0.5116279069767442,0.5894736842105263,] 
model5 = [1.0,0.9850746268656716,0.9166666666666666,0.7045454545454546,0.88,0.8985507246376812,1.0,0.9850746268656716,0.7058823529411765,] 
model6 = [0.5892857142857143,0.4888888888888889,0.5384615384615384,0.5565217391304348,0.5116279069767442,0.5365853658536586,0.9850746268656716,0.5263157894736842,0.6153846153846154,] 
