model1 = [0.6105263157894737,0.825,0.6666666666666666,0.5769230769230769,0.6136363636363636,0.64,1.0,0.759493670886076,0.4444444444444444,] 
model2 = [0.9850746268656716,1.0,0.8823529411764706,0.7804878048780488,0.9166666666666666,0.9696969696969697,1.0,1.0,0.7586206896551724,] 
model3 = [0.4507042253521127,0.5254237288135594,0.5391304347826087,0.4489795918367347,0.5806451612903226,0.4025157232704403,1.0,0.6739130434782609,0.7710843373493976,] 
