model1 = [0.9850746268656716,0.9565217391304348,0.8051948051948052,0.9850746268656716,0.9705882352941176,0.825,0.9166666666666666,0.9850746268656716,0.8571428571428571,] 
model2 = [0.96875,0.9846153846153847,0.7868852459016393,1.0,0.9705882352941176,0.9230769230769231,1.0,0.9696969696969697,0.9850746268656716,] 
model3 = [1.0,1.0,1.0,1.0,1.0,1.0,1.0,0.9850746268656716,1.0,] 
