model1 = [0.6896551724137931,0.43537414965986393,0.66,0.62,0.4230769230769231,0.6739130434782609,0.8985507246376812,0.4748201438848921,0.4507042253521127,] 
model2 = [0.9411764705882353,0.8266666666666667,0.7191011235955056,0.7380952380952381,0.7951807228915663,0.9117647058823529,0.9696969696969697,0.9705882352941176,0.6285714285714286,] 
model3 = [0.6,0.3575418994413408,0.5892857142857143,0.5504587155963303,0.3614457831325301,0.5765765765765766,0.9253731343283582,0.36585365853658536,0.46715328467153283,] 
