model1 = [0.6741573033707865,0.584070796460177,0.6881720430107527,0.6666666666666666,0.5409836065573771,0.625,0.9705882352941176,0.5076923076923077,0.7272727272727273,] 
model2 = [0.9705882352941176,1.0,0.9041095890410958,0.825,1.0,0.927536231884058,0.9705882352941176,0.9850746268656716,0.868421052631579,] 
model3 = [0.5739130434782609,0.5,0.5517241379310345,0.6336633663366337,0.4583333333333333,0.6326530612244898,0.9552238805970149,0.3875,0.7272727272727273,] 
