model1 = [0.6111111111111112,0.9411764705882353,0.7560975609756098,0.7837837837837838,0.9411764705882353,0.7804878048780488,0.6875,0.9411764705882353,0.9428571428571428,] 
model2 = [0.6538461538461539,0.9846153846153847,0.711864406779661,0.9032258064516129,0.9393939393939394,0.8571428571428571,0.8615384615384616,0.9523809523809523,1.0,] 
model3 = [0.7605633802816901,1.0,0.9850746268656716,0.875,0.9850746268656716,1.0,0.8048780487804879,0.9705882352941176,1.0,] 
