model1 = [0.7415730337078652,1.0,0.7209302325581395,1.0,0.9850746268656716,0.927536231884058,0.7586206896551724,0.9538461538461539,0.8918918918918919,] 
model2 = [0.8181818181818182,1.0,0.8333333333333334,1.0,0.9850746268656716,0.9354838709677419,0.9850746268656716,0.9696969696969697,0.9705882352941176,] 
model3 = [0.88,1.0,1.0,1.0,1.0,1.0,0.8354430379746836,0.9846153846153847,1.0,] 
