model4 = [0.6111111111111112,0.9411764705882353,0.7560975609756098,0.7837837837837838,0.9411764705882353,0.7619047619047619,0.6875,0.9411764705882353,0.9428571428571428,] 
model5 = [0.5925925925925926,0.9846153846153847,0.7,0.9032258064516129,0.9393939393939394,0.84375,0.8615384615384616,0.9523809523809523,0.9846153846153847,] 
model6 = [0.6808510638297872,0.9850746268656716,0.9850746268656716,0.875,0.9565217391304348,1.0,0.8048780487804879,0.9428571428571428,1.0,] 
