model4 = [0.88,0.9428571428571428,0.8354430379746836,1.0,1.0,0.8571428571428571,0.8571428571428571,0.9090909090909091,0.9705882352941176,] 
model5 = [0.8767123287671232,1.0,0.8387096774193549,1.0,1.0,0.8823529411764706,1.0,0.9538461538461539,1.0,] 
model6 = [0.9428571428571428,0.9850746268656716,1.0,1.0,0.9846153846153847,1.0,1.0,0.9538461538461539,1.0,] 
