model4 = [0.7560975609756098,0.9850746268656716,0.7415730337078652,0.9850746268656716,0.9705882352941176,0.8378378378378378,0.7333333333333333,0.9253731343283582,0.88,] 
model5 = [0.8307692307692308,0.9850746268656716,0.8333333333333334,0.9696969696969697,1.0,0.8888888888888888,0.9705882352941176,0.9538461538461539,0.9850746268656716,] 
model6 = [0.8205128205128205,0.9705882352941176,1.0,1.0,1.0,0.9846153846153847,0.9041095890410958,0.96875,0.9850746268656716,] 
