model4 = [0.9428571428571428,0.9565217391304348,0.8051948051948052,0.9850746268656716,0.9705882352941176,0.8148148148148148,0.9166666666666666,0.9850746268656716,0.8571428571428571,] 
model5 = [0.96875,0.9552238805970149,0.7666666666666667,1.0,0.9705882352941176,0.90625,1.0,0.9696969696969697,0.9705882352941176,] 
model6 = [0.9850746268656716,1.0,1.0,1.0,1.0,1.0,1.0,0.9850746268656716,0.9850746268656716,] 
