model4 = [0.7415730337078652,1.0,0.7126436781609196,1.0,0.9850746268656716,0.8985507246376812,0.7586206896551724,0.9411764705882353,0.9565217391304348,] 
model5 = [0.8181818181818182,1.0,0.8,1.0,0.9850746268656716,0.9180327868852459,0.9850746268656716,0.9696969696969697,0.9705882352941176,] 
model6 = [0.8571428571428571,1.0,1.0,1.0,1.0,1.0,0.868421052631579,0.9846153846153847,1.0,] 
